lr 0.001 wd 0.01 test_acc [0.8235294117647058, 0.8823529411764706, 0.6875, 0.75, 0.6875, 0.8125, 0.8125, 0.75, 0.75, 0.75]
lr 0.001 wd 0.01 test_pre [0.8125, 0.9090909090909091, 1.0, 1.0, 0.7272727272727273, 0.8, 0.8181818181818182, 0.7692307692307693, 0.75, 0.7777777777777778]
lr 0.001 wd 0.01 test_recall [1.0, 0.9090909090909091, 0.4444444444444444, 0.6363636363636364, 0.8, 1.0, 0.9, 0.9090909090909091, 1.0, 0.7777777777777778]
lr 0.001 wd 0.01 test_f1 [0.896551724137931, 0.9090909090909091, 0.6153846153846154, 0.7777777777777778, 0.7619047619047619, 0.8888888888888888, 0.8571428571428571, 0.8333333333333334, 0.8571428571428571, 0.7777777777777778]
lr 0.001 wd 0.01 test_auc [0.7692307692307692, 0.9393939393939394, 0.5714285714285714, 0.9272727272727272, 0.6666666666666666, 0.8541666666666666, 0.7166666666666667, 0.6363636363636364, 0.5416666666666666, 0.8412698412698413]
lr 0.001 wd 0.01 test_sens [1.0, 0.9090909090909091, 0.4444444444444444, 0.6363636363636364, 0.8, 1.0, 0.9, 0.9090909090909091, 1.0, 0.7777777777777778]
lr 0.001 wd 0.01 test_spec [0.25, 0.8333333333333334, 1.0, 1.0, 0.5, 0.25, 0.6666666666666666, 0.4, 0.0, 0.7142857142857143]
*****************************************************
lr 0.001 wd 0.01 acc 0.7705882352941177
lr 0.001 wd 0.01 pre 0.8364054001554002
lr 0.001 wd 0.01 recall 0.8376767676767678
lr 0.001 wd 0.01 f1 0.8174995502581709
lr 0.001 wd 0.01 auc 0.7464126151626151
lr 0.001 wd 0.01 sensitivity 0.8376767676767678
lr 0.001 wd 0.01 specificity 0.5614285714285715
*****************************************************
lr 0.001 wd 0.01 acc_std 0.05857484196074832
lr 0.001 wd 0.01 pre_std 0.0940021022503756
lr 0.001 wd 0.01 recall_std 0.17125907404219975
lr 0.001 wd 0.01 f1_std 0.08380060795425223
lr 0.001 wd 0.01 auc_std 0.13526899247244156
lr 0.001 wd 0.01 sens_std 0.17125907404219975
lr 0.001 wd 0.01 spec_std 0.3212588617234203
*****************************************************
lr 0.001 wd 0.01 [1, 1, 0, 1, 1, 1, 0, 0, 0, 1, 1, 1, 1, 1, 1, 1, 1, 1, 0, 0, 1, 0, 1, 1, 1, 1, 1, 1, 1, 1, 1, 0, 0, 0, 1, 1, 1, 1, 1, 0, 0, 0, 0, 1, 1, 0, 0, 1, 0, 1, 1, 0, 1, 0, 1, 1, 1, 1, 0, 1, 1, 0, 0, 1, 1, 1, 1, 0, 1, 1, 0, 1, 1, 1, 0, 1, 1, 1, 0, 0, 0, 1, 1, 1, 1, 0, 1, 1, 0, 0, 1, 1, 1, 1, 1, 0, 1, 1, 1, 1, 0, 0, 0, 1, 1, 1, 0, 1, 1, 1, 0, 1, 1, 0, 1, 0, 1, 1, 1, 0, 0, 1, 1, 1, 0, 1, 1, 0, 1, 1, 1, 0, 1, 1, 1, 1, 1, 1, 0, 1, 0, 1, 1, 1, 1, 0, 1, 0, 0, 0, 1, 1, 1, 0, 0, 1, 0, 1, 1, 0, 1, 1]
lr 0.001 wd 0.01 [-0.6091501, -0.53742146, -0.4509445, -0.25559717, -0.5780581, -0.3800326, -0.42194352, -0.6508867, -0.72043043, -0.22180647, -0.46079102, -0.38731137, -0.0076749683, -0.51671875, -0.46300435, -0.31974912, -0.090199344, -0.5986787, -0.7720376, -0.9451994, -0.44602996, -0.6120453, -0.59355426, -0.6335567, -0.3985416, -0.46185118, -0.8084929, -0.46801215, -0.5484874, -0.44843292, -0.4891942, -0.99429697, -1.0265646, -0.74908054, -0.5950514, -0.8538567, -0.50366825, -1.061823, -1.0653536, -0.84830683, -0.8024416, -1.0153971, -0.69525063, -0.3894191, -1.1060392, -0.76154107, -0.9088497, -0.79396635, -1.0095172, -0.43557486, -0.52721715, -0.78865963, -0.65455776, -0.8152805, -0.63187706, -0.7839087, -0.69956857, -0.4039781, -0.81627005, -0.53084403, -0.5989436, -0.7421074, -0.7577082, -0.31659806, -0.7822582, -0.69357485, -0.67631096, -0.6687898, -0.6689927, -0.66664904, -0.6652193, -0.68577766, -0.6785757, -0.632683, -0.68234515, -0.62852454, -0.6984844, -0.6761926, -0.7320378, -0.72507304, -0.70163614, -0.7262985, -0.61573815, -0.18167388, -0.6002283, -0.5487137, -0.6524401, -0.12867318, -0.66696525, -0.6301773, -0.45135298, -0.15018693, -0.6800819, -0.031737812, -0.5174782, -0.72554106, -0.444511, -0.53037393, -0.59836805, -0.28128573, -0.7293993, -0.7430093, -0.77592707, -0.56171995, -0.53308785, -0.58826363, -0.23071162, -0.16194701, -0.61271614, -0.66678435, -0.8385094, -0.7994859, -0.37179786, -0.56315756, -0.2061558, -0.48379722, -0.82592005, -0.29914942, -0.3731145, -0.3565695, -0.7888422, -0.4776707, -0.66141796, -0.28533572, -0.7150301, -0.21763764, -0.51286966, -0.22218828, -0.26905164, -0.35850295, -0.6792626, -0.67994624, -0.6877903, -0.68509, -0.6784389, -0.68409914, -0.6782641, -0.685892, -0.6810337, -0.681254, -0.6808801, -0.68609697, -0.6798144, -0.6848229, -0.67837155, -0.68770534, -0.5049464, -0.56818885, -0.6217743, -0.862583, -0.5975745, -0.54194486, -0.84590477, -0.8645102, -0.83378685, -0.8070172, -0.7862525, -0.4071371, -0.42118806, -0.884262, -0.63343644, -0.4098018]
*****************************************************




lr 0.001 wd 0.01 test_acc [0.75, 0.6666666666666666, 0.6666666666666666, 0.8333333333333334, 0.75, 0.8333333333333334, 0.75, 0.8333333333333334, 0.8181818181818182, 0.6363636363636364]
lr 0.001 wd 0.01 test_pre [0.0, 0.75, 1.0, 0.8181818181818182, 0.6666666666666666, 0.8571428571428571, 0.8333333333333334, 0.8, 0.8181818181818182, 0.6363636363636364]
lr 0.001 wd 0.01 test_recall [0.0, 0.5, 0.3333333333333333, 1.0, 0.8, 0.8571428571428571, 0.7142857142857143, 0.8, 1.0, 1.0]
lr 0.001 wd 0.01 test_f1 [0.0, 0.6, 0.5, 0.9, 0.7272727272727273, 0.8571428571428571, 0.7692307692307693, 0.8, 0.9, 0.7777777777777778]
lr 0.001 wd 0.01 test_auc [0.33333333333333326, 0.6666666666666666, 0.6666666666666666, 0.888888888888889, 0.7428571428571429, 0.8, 0.6857142857142857, 0.942857142857143, 0.3333333333333333, 0.7857142857142857]
lr 0.001 wd 0.01 test_sens [0.0, 0.5, 0.3333333333333333, 1.0, 0.8, 0.8571428571428571, 0.7142857142857143, 0.8, 1.0, 1.0]
lr 0.001 wd 0.01 test_spec [1.0, 0.8333333333333334, 1.0, 0.3333333333333333, 0.7142857142857143, 0.8, 0.8, 0.8571428571428571, 0.0, 0.0]
*****************************************************
lr 0.001 wd 0.01 acc 0.7537878787878788
lr 0.001 wd 0.01 pre 0.717987012987013
lr 0.001 wd 0.01 recall 0.7004761904761905
lr 0.001 wd 0.01 f1 0.6831424131424132
lr 0.001 wd 0.01 auc 0.6846031746031745
lr 0.001 wd 0.01 sensitivity 0.7004761904761905
lr 0.001 wd 0.01 specificity 0.6338095238095238
*****************************************************
lr 0.001 wd 0.01 acc_std 0.0722085351161343
lr 0.001 wd 0.01 pre_std 0.2578431521588928
lr 0.001 wd 0.01 recall_std 0.3129441062002002
lr 0.001 wd 0.01 f1_std 0.2575729370453417
lr 0.001 wd 0.01 auc_std 0.19564939255529584
lr 0.001 wd 0.01 sens_std 0.3129441062002002
lr 0.001 wd 0.01 spec_std 0.36239596990345735
*****************************************************
lr 0.001 wd 0.01 [0, 0, 0, 0, 0, 1, 0, 0, 1, 0, 1, 0, 1, 1, 0, 1, 0, 0, 1, 1, 0, 0, 1, 0, 0, 0, 1, 0, 1, 0, 1, 0, 1, 0, 1, 1, 1, 1, 1, 1, 1, 1, 0, 1, 1, 0, 1, 0, 1, 0, 1, 1, 0, 0, 0, 0, 0, 0, 1, 1, 1, 1, 0, 1, 0, 1, 1, 0, 0, 1, 1, 0, 1, 0, 0, 1, 1, 0, 0, 1, 1, 1, 1, 0, 0, 0, 0, 0, 1, 1, 0, 1, 1, 0, 1, 0, 1, 1, 1, 1, 1, 1, 0, 1, 1, 1, 0, 0, 1, 1, 0, 0, 0, 1, 1, 1, 1, 1]
lr 0.001 wd 0.01 [-0.73517096, -0.7351762, -0.73320717, -0.73253566, -0.7352232, -0.73645365, -0.7336533, -0.7283736, -0.7308416, -0.7356051, -0.7360616, -0.73616713, -0.54887134, -0.4860577, -0.66658187, -0.662309, -0.92736965, -0.9832471, -0.7416774, -1.0436051, -0.716581, -0.7494734, -0.81752145, -0.7995039, -0.7010819, -0.7060784, -0.7113575, -0.72977513, -0.69028515, -0.6940009, -0.7157424, -0.7315563, -0.6778013, -0.7282468, -0.71654195, -0.72723997, -0.5874684, -0.6305175, -0.46443683, -0.65992904, -0.5087017, -0.61050934, -0.7120964, -0.5873387, -0.54765964, -0.6766345, -0.6425386, -0.6258887, -0.39465767, -0.514472, -0.3406759, -0.62470526, -0.7280303, -0.76660955, -0.7320528, -0.9094279, -0.66162735, -0.70117795, -0.68203354, -0.9009934, -0.65149695, -0.6128293, -1.0573457, -0.6202585, -0.9548427, -0.99384874, -0.63726896, -0.6204143, -0.8079307, -0.6186041, -0.6444392, -0.85028243, -0.39813194, -0.5334186, -0.7088558, -0.67844737, -0.72911984, -0.69597274, -0.7386253, -0.307001, -0.6883252, -0.830307, -0.6612387, -0.7637856, -1.0584334, -1.3604144, -0.925412, -0.46448657, -0.3352042, -0.4495975, -1.384434, -0.8560412, -0.41654104, -0.98972887, -0.47153327, -1.0075607, -0.4193849, -0.39561898, -0.44668406, -0.3999886, -0.35588, -0.41838133, -0.35673955, -0.4240142, -0.5879228, -0.3309038, -0.41067463, -0.6608129, -0.65975523, -0.6591184, -0.66062343, -0.6593058, -0.6590874, -0.65736675, -0.6555256, -0.6595079, -0.6592909, -0.6581602]
*****************************************************




lr 0.001 wd 0.01 test_acc [0.9, 0.8, 0.6, 1.0, 0.8, 1.0, 0.6, 0.7, 0.8888888888888888, 0.8888888888888888]
lr 0.001 wd 0.01 test_pre [0.8571428571428571, 0.8571428571428571, 0.0, 1.0, 0.6666666666666666, 1.0, 0.6, 0.625, 1.0, 0.6666666666666666]
lr 0.001 wd 0.01 test_recall [1.0, 0.8571428571428571, 0.0, 1.0, 0.6666666666666666, 1.0, 0.6, 1.0, 0.5, 1.0]
lr 0.001 wd 0.01 test_f1 [0.9230769230769231, 0.8571428571428571, 0.0, 1.0, 0.6666666666666666, 1.0, 0.6, 0.7692307692307693, 0.6666666666666666, 0.8]
lr 0.001 wd 0.01 test_auc [0.9166666666666666, 0.761904761904762, 0.125, 1.0, 0.7142857142857142, 1.0, 0.43999999999999995, 0.6, 0.7857142857142857, 0.8571428571428572]
lr 0.001 wd 0.01 test_sens [1.0, 0.8571428571428571, 0.0, 1.0, 0.6666666666666666, 1.0, 0.6, 1.0, 0.5, 1.0]
lr 0.001 wd 0.01 test_spec [0.75, 0.6666666666666666, 1.0, 1.0, 0.8571428571428571, 1.0, 0.6, 0.4, 1.0, 0.8571428571428571]
*****************************************************
lr 0.001 wd 0.01 acc 0.8177777777777779
lr 0.001 wd 0.01 pre 0.7272619047619048
lr 0.001 wd 0.01 recall 0.7623809523809524
lr 0.001 wd 0.01 f1 0.7282783882783883
lr 0.001 wd 0.01 auc 0.7200714285714286
lr 0.001 wd 0.01 sensitivity 0.7623809523809524
lr 0.001 wd 0.01 specificity 0.8130952380952381
*****************************************************
lr 0.001 wd 0.01 acc_std 0.13879552417446392
lr 0.001 wd 0.01 pre_std 0.28632199755027404
lr 0.001 wd 0.01 recall_std 0.31255258061046065
lr 0.001 wd 0.01 f1_std 0.27631062961000274
lr 0.001 wd 0.01 auc_std 0.25830561734138374
lr 0.001 wd 0.01 sens_std 0.31255258061046065
lr 0.001 wd 0.01 spec_std 0.19623800279634065
*****************************************************
lr 0.001 wd 0.01 [0, 0, 1, 1, 1, 0, 1, 1, 0, 1, 0, 1, 0, 1, 1, 1, 1, 0, 1, 1, 0, 1, 0, 0, 1, 0, 1, 0, 0, 1, 0, 1, 0, 0, 0, 1, 1, 1, 0, 0, 1, 1, 0, 0, 0, 0, 0, 0, 0, 1, 1, 0, 0, 0, 1, 1, 1, 1, 1, 0, 1, 0, 0, 1, 0, 0, 1, 0, 1, 1, 1, 0, 0, 1, 1, 0, 0, 1, 0, 1, 0, 0, 0, 1, 0, 0, 0, 1, 0, 1, 0, 1, 0, 0, 0, 0, 0, 0]
lr 0.001 wd 0.01 [-1.0630225, -2.996818, -7.104621e-05, -0.0022529, -0.14680977, -0.21742973, -0.23226283, -0.00014208737, -0.69475025, -0.585295, -0.7769519, -0.18293424, -0.27027968, -0.0037977018, -0.9153432, -0.58195484, -0.14941026, -0.78971326, -0.088868886, -0.2747057, -1.5195391, -2.3682868, -1.433603, -1.5060136, -2.0390017, -1.5107234, -1.9313189, -0.9355289, -0.9144577, -1.4761827, -1.1662892, -0.19678114, -0.7809943, -0.8152723, -1.0640101, -0.15421961, -0.6279357, -0.008346675, -1.2485998, -1.1535876, -0.64310044, -0.7200231, -0.7228669, -0.67041516, -0.7222886, -0.70316225, -0.70383036, -0.71795666, -0.718307, -0.69018465, -0.21929571, -0.767671, -0.72200614, -0.99250495, -0.44409904, -0.52053106, -0.29448336, -0.38022596, -0.67740446, -0.7424509, -0.6127904, -1.3934603, -0.2870098, -0.4105701, -0.46967763, -1.6732707, -1.6774341, -1.0040058, -0.51363224, -1.415589, -0.38941184, -0.31341484, -0.7341521, -0.6812645, -0.29286525, -0.780302, -0.15886521, -0.16679487, -0.50461763, -0.608893, -0.83741015, -0.7203385, -0.7510762, -0.75539225, -0.7848376, -0.7301793, -0.83175135, -0.65393436, -0.7978287, -0.12762983, -3.2224846, -0.1115848, -1.8993714, -2.9334114, -1.4089394, -3.2588713, -0.08457466, -2.0949287]
*****************************************************




lr 0.001 wd 0.01 test_acc [0.7272727272727273, 0.8181818181818182, 0.9090909090909091, 0.8181818181818182, 0.8181818181818182, 0.9090909090909091, 0.8181818181818182, 0.8181818181818182, 0.9, 0.7]
lr 0.001 wd 0.01 test_pre [1.0, 0.75, 1.0, 0.8571428571428571, 0.75, 1.0, 0.6666666666666666, 1.0, 0.8, 1.0]
lr 0.001 wd 0.01 test_recall [0.5, 1.0, 0.5, 0.8571428571428571, 1.0, 0.6666666666666666, 0.6666666666666666, 0.3333333333333333, 1.0, 0.25]
lr 0.001 wd 0.01 test_f1 [0.6666666666666666, 0.8571428571428571, 0.6666666666666666, 0.8571428571428571, 0.8571428571428571, 0.8, 0.6666666666666666, 0.5, 0.8888888888888888, 0.4]
lr 0.001 wd 0.01 test_auc [0.7333333333333334, 0.7, 0.6666666666666667, 0.8928571428571428, 0.8666666666666667, 0.9583333333333334, 0.5833333333333333, 0.5833333333333333, 0.8333333333333334, 0.6666666666666666]
lr 0.001 wd 0.01 test_sens [0.5, 1.0, 0.5, 0.8571428571428571, 1.0, 0.6666666666666666, 0.6666666666666666, 0.3333333333333333, 1.0, 0.25]
lr 0.001 wd 0.01 test_spec [1.0, 0.6, 1.0, 0.75, 0.6, 1.0, 0.875, 1.0, 0.8333333333333334, 1.0]
*****************************************************
lr 0.001 wd 0.01 acc 0.8236363636363636
lr 0.001 wd 0.01 pre 0.8823809523809525
lr 0.001 wd 0.01 recall 0.6773809523809524
lr 0.001 wd 0.01 f1 0.7160317460317461
lr 0.001 wd 0.01 auc 0.7484523809523809
lr 0.001 wd 0.01 sensitivity 0.6773809523809524
lr 0.001 wd 0.01 specificity 0.8658333333333333
*****************************************************
lr 0.001 wd 0.01 acc_std 0.06719897677300482
lr 0.001 wd 0.01 pre_std 0.1257683866272838
lr 0.001 wd 0.01 recall_std 0.2662225255431553
lr 0.001 wd 0.01 f1_std 0.15827943944928838
lr 0.001 wd 0.01 auc_std 0.12512584368294832
lr 0.001 wd 0.01 sens_std 0.2662225255431553
lr 0.001 wd 0.01 spec_std 0.15681066077704453
*****************************************************
lr 0.001 wd 0.01 [0, 0, 1, 0, 1, 1, 0, 0, 1, 1, 1, 1, 0, 0, 1, 1, 1, 1, 0, 0, 1, 0, 0, 0, 1, 0, 0, 0, 1, 0, 0, 0, 0, 1, 1, 0, 0, 0, 1, 1, 1, 0, 1, 1, 1, 0, 1, 0, 1, 1, 0, 1, 0, 1, 0, 0, 0, 0, 0, 0, 0, 1, 0, 1, 1, 0, 0, 1, 0, 1, 0, 0, 1, 0, 0, 0, 0, 0, 1, 0, 1, 0, 1, 0, 0, 0, 0, 0, 0, 0, 1, 1, 0, 1, 0, 0, 0, 1, 0, 0, 1, 1, 0, 0, 0, 1, 0, 1]
lr 0.001 wd 0.01 [-0.79603744, -1.1693885, -0.33649546, -0.99454564, -0.50577307, -0.56035995, -0.73926556, -1.0229664, -1.15943, -0.8151958, -0.8716928, -0.6439319, -0.63766533, -0.8127148, -0.6908494, -0.5830725, -0.6107027, -0.63309777, -0.79874605, -0.79110897, -0.69186413, -0.55182415, -0.82802796, -0.8084926, -0.65319705, -0.84110576, -0.7905493, -0.7449972, -0.81148183, -0.81157804, -0.7856877, -0.7320245, -0.79000103, -0.5685817, -0.6648187, -0.77853036, -0.7953843, -0.7025428, -0.6829886, -0.5762424, -0.61902, -0.6896209, -0.76392007, -0.6922601, -0.6380789, -0.7453428, -0.6085816, -0.6419778, -0.6710889, -0.5796479, -0.707089, -0.6917284, -0.69108945, -0.66231215, -0.6974908, -1.882037, -1.605048, -0.7946268, -1.8664134, -2.533203, -1.5825931, -0.429084, -1.7419105, -0.52121085, -1.3681638, -1.8332479, -0.625048, -0.95167387, -0.7209824, -0.67623097, -0.9418558, -0.74688065, -0.6762478, -0.80277276, -0.8394453, -0.72323483, -0.831071, -0.711302, -0.8229422, -1.0484756, -0.6673739, -1.0032817, -0.97801155, -0.8015779, -0.73633134, -0.9065467, -0.95433056, -0.8160327, -0.6969483, -0.039003212, -0.68316257, -0.057842422, -0.8620013, -0.68991786, -0.75625205, -0.7030493, -1.4432657, -0.59666705, -0.84876376, -0.767086, -0.75059235, -0.63848805, -0.8933308, -0.86007744, -0.75933063, -1.0560858, -1.0281008, -0.81598544]
*****************************************************




