lr 0.001 wd 0.01 test_acc [0.5714285714285714, 0.5714285714285714, 0.7142857142857143, 0.65, 0.7, 0.7, 0.6, 0.7, 0.7, 0.7]
lr 0.001 wd 0.01 test_pre [0.5333333333333333, 0.5714285714285714, 0.7142857142857143, 0.65, 0.7, 0.7, 0.6, 0.7, 0.7, 0.6875]
lr 0.001 wd 0.01 test_recall [0.8, 1.0, 1.0, 1.0, 1.0, 1.0, 1.0, 1.0, 1.0, 0.9166666666666666]
lr 0.001 wd 0.01 test_f1 [0.64, 0.7272727272727273, 0.8333333333333334, 0.7878787878787878, 0.8235294117647058, 0.8235294117647058, 0.75, 0.8235294117647058, 0.8235294117647058, 0.7857142857142857]
lr 0.001 wd 0.01 test_auc [0.5090909090909091, 0.4629629629629629, 0.24444444444444444, 0.7582417582417583, 0.4285714285714286, 0.5595238095238095, 0.9479166666666666, 0.6309523809523809, 0.34523809523809523, 0.5416666666666666]
lr 0.001 wd 0.01 test_sens [0.8, 1.0, 1.0, 1.0, 1.0, 1.0, 1.0, 1.0, 1.0, 0.9166666666666666]
lr 0.001 wd 0.01 test_spec [0.36363636363636365, 0.0, 0.0, 0.0, 0.0, 0.0, 0.0, 0.0, 0.0, 0.375]
*****************************************************
lr 0.001 wd 0.01 acc 0.6607142857142858
lr 0.001 wd 0.01 pre 0.6556547619047619
lr 0.001 wd 0.01 recall 0.9716666666666667
lr 0.001 wd 0.01 f1 0.7818316781257957
lr 0.001 wd 0.01 auc 0.5428609122359122
lr 0.001 wd 0.01 sensitivity 0.9716666666666667
lr 0.001 wd 0.01 specificity 0.07386363636363637
*****************************************************
lr 0.001 wd 0.01 acc_std 0.055074161503432105
lr 0.001 wd 0.01 pre_std 0.061240281055931836
lr 0.001 wd 0.01 recall_std 0.06238322424070966
lr 0.001 wd 0.01 f1_std 0.05810768142003613
lr 0.001 wd 0.01 auc_std 0.1916224427844537
lr 0.001 wd 0.01 sens_std 0.06238322424070966
lr 0.001 wd 0.01 spec_std 0.14774912425800793
*****************************************************
lr 0.001 wd 0.01 [0, 1, 0, 0, 1, 0, 0, 1, 1, 1, 0, 0, 1, 0, 0, 1, 1, 0, 1, 1, 0, 1, 1, 0, 0, 1, 1, 1, 0, 0, 0, 1, 1, 0, 0, 1, 1, 1, 1, 0, 1, 0, 0, 0, 0, 1, 0, 1, 0, 1, 1, 1, 0, 1, 1, 1, 1, 1, 1, 1, 1, 1, 1, 1, 1, 0, 1, 1, 0, 0, 0, 1, 0, 1, 1, 1, 0, 1, 0, 1, 1, 1, 1, 1, 0, 1, 1, 1, 0, 1, 0, 1, 0, 1, 1, 1, 0, 1, 0, 1, 1, 1, 1, 1, 1, 1, 0, 1, 1, 1, 1, 0, 1, 1, 1, 1, 0, 0, 1, 1, 1, 0, 0, 0, 1, 1, 1, 0, 1, 0, 1, 0, 1, 1, 1, 1, 0, 0, 0, 1, 0, 1, 1, 1, 1, 0, 1, 1, 0, 1, 1, 1, 1, 0, 0, 1, 1, 1, 0, 0, 1, 1, 1, 1, 0, 1, 1, 1, 1, 1, 1, 1, 0, 1, 1, 0, 1, 0, 1, 0, 1, 1, 0, 1, 0, 1, 0, 1, 1, 1, 0, 0, 1, 0, 1, 1, 0, 1, 0, 1, 0, 1, 1]
lr 0.001 wd 0.01 [-0.17418313, -3.5288043, -0.81751144, -1.168197, -0.23891626, -0.0687871, -0.80422306, -0.09723109, -0.07445908, -0.4075879, -0.29571435, -0.44111168, -0.23502773, -0.7965123, -0.28161347, -0.6041996, -1.1720053, -0.2712282, -0.24047299, -0.36167383, -0.058749847, -0.33014274, -0.5407053, -0.47983176, -0.42837742, -0.3989955, -0.44030842, -0.48947674, -0.4578991, -0.3842583, -0.4241217, -0.355277, -0.49044546, -0.4585457, -0.36315873, -0.47380298, -0.4408497, -0.3758135, -0.4535619, -0.4611234, -0.4467115, -0.4354319, -0.6896322, -0.68976176, -0.6879779, -0.69227004, -0.69139135, -0.69116116, -0.69154525, -0.6924212, -0.69179386, -0.68840235, -0.68841285, -0.692233, -0.69063234, -0.69061154, -0.6914018, -0.6908051, -0.6906532, -0.6899004, -0.68874043, -0.6922967, -0.692223, -0.69203514, -0.69188076, -0.6922042, -0.6919958, -0.6920819, -0.69190496, -0.6920211, -0.69200736, -0.69179493, -0.69212395, -0.69195163, -0.6919797, -0.6918738, -0.6922509, -0.69207275, -0.6921515, -0.69218117, -0.69202036, -0.69144297, -0.6920576, -0.51964664, -0.52747715, -0.46967092, -0.47647423, -0.6128485, -0.4875709, -0.6266972, -0.38392386, -0.53717506, -0.49934828, -0.5024153, -0.39811218, -0.5953662, -0.56167996, -0.5446708, -0.54634064, -0.52789086, -0.4810143, -0.5747266, -0.49883375, -0.57760143, -0.6330698, -0.60968226, -0.61275685, -0.6292196, -0.57998836, -0.560733, -0.58443123, -0.6264257, -0.5846163, -0.60657775, -0.6548295, -0.65785253, -0.6018144, -0.55992365, -0.615585, -0.5934763, -0.64219433, -0.6525969, -0.65051866, -0.64690447, -0.63816947, -0.6382987, -0.6386198, -0.65406454, -0.63858664, -0.639078, -0.63612694, -0.6438255, -0.632198, -0.63856083, -0.6429271, -0.64534986, -0.64653265, -0.65175986, -0.64858663, -0.6407371, -0.6474093, -0.6381949, -0.6393649, -0.56759864, -0.6041596, -0.60067374, -0.59861124, -0.6005825, -0.6019856, -0.59027094, -0.5889439, -0.5711175, -0.5965925, -0.6024362, -0.5841121, -0.61488736, -0.5800926, -0.5949458, -0.6080796, -0.5923625, -0.6086865, -0.6008729, -0.58479744, -0.65556467, -0.6472592, -0.65800494, -0.66264844, -0.6612177, -0.6539283, -0.6549621, -0.64584625, -0.66203755, -0.6489126, -0.65503865, -0.6619118, -0.6622945, -0.65801084, -0.65544885, -0.6576222, -0.6535069, -0.66073596, -0.66127086, -0.66113603, -0.30730727, -0.18086082, -0.5790198, -0.9683795, -0.023010615, -0.3200019, -0.53728, -0.1752776, -0.996114, -0.9398136, -0.09455977, -0.11489708, -0.023179872, -0.15603031, -0.6665583, -0.058188103, -0.28207985, -0.9869204, -0.15006115, -0.31336212]
*****************************************************




lr 0.001 wd 0.01 test_acc [0.8571428571428571, 0.8095238095238095, 0.7619047619047619, 0.85, 0.85, 0.7, 0.85, 0.7, 0.85, 0.75]
lr 0.001 wd 0.01 test_pre [0.8571428571428571, 0.7333333333333333, 0.7222222222222222, 0.8235294117647058, 0.8461538461538461, 0.6666666666666666, 1.0, 0.8571428571428571, 0.85, 0.9]
lr 0.001 wd 0.01 test_recall [1.0, 1.0, 1.0, 1.0, 0.9166666666666666, 1.0, 0.6666666666666666, 0.5454545454545454, 1.0, 0.6923076923076923]
lr 0.001 wd 0.01 test_f1 [0.9230769230769231, 0.8461538461538461, 0.8387096774193549, 0.9032258064516129, 0.88, 0.8, 0.8, 0.6666666666666666, 0.918918918918919, 0.782608695652174]
lr 0.001 wd 0.01 test_auc [0.6851851851851853, 0.9454545454545453, 0.8269230769230769, 0.5357142857142857, 0.9375, 0.6458333333333333, 0.8282828282828282, 0.7070707070707071, 0.35294117647058826, 0.7362637362637363]
lr 0.001 wd 0.01 test_sens [1.0, 1.0, 1.0, 1.0, 0.9166666666666666, 1.0, 0.6666666666666666, 0.5454545454545454, 1.0, 0.6923076923076923]
lr 0.001 wd 0.01 test_spec [0.0, 0.6, 0.375, 0.5, 0.75, 0.25, 1.0, 0.8888888888888888, 0.0, 0.8571428571428571]
*****************************************************
lr 0.001 wd 0.01 acc 0.7978571428571428
lr 0.001 wd 0.01 pre 0.8256191194426487
lr 0.001 wd 0.01 recall 0.8821095571095571
lr 0.001 wd 0.01 f1 0.8359360534339497
lr 0.001 wd 0.01 auc 0.7201168874698285
lr 0.001 wd 0.01 sensitivity 0.8821095571095571
lr 0.001 wd 0.01 specificity 0.5221031746031746
*****************************************************
lr 0.001 wd 0.01 acc_std 0.06104206571576746
lr 0.001 wd 0.01 pre_std 0.09133599241579875
lr 0.001 wd 0.01 recall_std 0.16743957619614888
lr 0.001 wd 0.01 f1_std 0.07425635185614506
lr 0.001 wd 0.01 auc_std 0.1723750059165975
lr 0.001 wd 0.01 sens_std 0.16743957619614888
lr 0.001 wd 0.01 spec_std 0.3427134495513728
*****************************************************
lr 0.001 wd 0.01 [1, 0, 1, 1, 1, 0, 1, 1, 1, 1, 1, 1, 1, 1, 0, 1, 1, 1, 1, 1, 1, 0, 1, 1, 0, 0, 0, 1, 0, 0, 1, 0, 0, 1, 0, 1, 1, 1, 0, 1, 1, 1, 1, 1, 0, 0, 0, 0, 1, 1, 1, 0, 1, 0, 0, 1, 1, 1, 0, 1, 1, 1, 1, 1, 1, 1, 1, 0, 1, 0, 1, 1, 1, 1, 0, 1, 0, 1, 0, 1, 0, 1, 1, 0, 1, 0, 0, 0, 1, 1, 0, 1, 1, 1, 1, 1, 1, 0, 1, 1, 0, 0, 1, 0, 1, 0, 1, 0, 0, 1, 1, 0, 0, 1, 1, 1, 0, 1, 1, 0, 1, 1, 1, 1, 0, 1, 0, 1, 1, 1, 0, 0, 1, 0, 1, 1, 0, 0, 0, 1, 0, 0, 0, 0, 0, 0, 1, 1, 1, 0, 1, 0, 1, 0, 1, 1, 1, 0, 0, 1, 1, 1, 0, 1, 1, 1, 1, 1, 0, 1, 1, 1, 1, 0, 1, 1, 1, 1, 1, 0, 1, 1, 1, 1, 1, 0, 1, 0, 1, 0, 1, 1, 0, 1, 0, 0, 1, 1, 1, 1, 0, 1, 1]
lr 0.001 wd 0.01 [-0.60384136, -0.62358445, -0.60432935, -0.5926408, -0.6257351, -0.59720904, -0.5957121, -0.60445786, -0.6164223, -0.57453877, -0.58697826, -0.64571244, -0.6033352, -0.6318504, -0.6261911, -0.5937896, -0.5875747, -0.5995488, -0.61090183, -0.61832213, -0.6155362, -0.60569423, -0.4760927, -0.6221861, -0.72468793, -0.56485844, -0.8880699, -0.4205916, -0.59779274, -0.77782726, -0.57677555, -0.64525104, -0.7080628, -0.463632, -0.71297383, -0.47512382, -0.5756075, -0.49624467, -0.73934317, -0.5968596, -0.5159265, -0.41517282, -0.65460455, -0.620324, -0.8791014, -0.32385236, -0.5789669, -0.161171, -0.23853232, -0.09322088, -0.063445084, -0.81365097, -0.023894558, -1.3505791, -0.5402162, -0.37968248, -0.28611544, -0.09566159, -0.65028644, -0.4497178, -0.27394703, -0.51029706, -0.038904607, -0.24924596, -0.46857935, -0.36680877, -0.39944565, -0.044033498, -0.45381385, -0.15118499, -0.065886594, -0.25204274, -0.5567206, -0.4373669, -0.71989393, -0.68494856, -1.0879962, -0.56732976, -0.81115514, -0.52998334, -0.018047173, -0.024385389, -0.32568645, -0.5807558, -0.24042726, -0.7389622, -0.7768431, -0.8833786, -0.32340482, -0.55389833, -1.0123253, -0.2395893, -0.30141196, -0.7909665, -0.3057496, -0.26272932, -0.56677, -0.6957265, -0.40217134, -0.28588018, -0.65125203, -0.6982591, -0.2803139, -0.11997282, -0.5940364, -0.1756806, -0.09766203, -0.10622204, -0.1171972, -0.12906732, -0.11078513, -0.10947881, -0.27842718, -0.11618966, -0.105916485, -0.1593019, -2.0880988, -0.4753406, -0.10294592, -0.8444891, -0.10018167, -0.34920892, -0.12021491, -0.961939, -0.7075668, -0.49388885, -0.70251644, -0.744398, -0.7326749, -0.52296895, -0.96168566, -0.83858895, -0.544435, -0.6985485, -0.62732905, -0.6912096, -0.77771205, -0.967792, -0.9076341, -0.5392997, -0.71937966, -1.0222116, -0.8372532, -1.0460039, -0.9624436, -1.1566358, -0.69756556, -0.683666, -0.9409654, -1.0692093, -0.6805518, -0.9025893, -1.4899127, -1.4670196, -0.66563135, -1.9967586, -0.35669184, -0.554186, -0.9185743, -0.49775213, -0.35151, -0.90628815, -0.82894576, -0.6769642, -0.67493075, -0.6722156, -0.6757198, -0.6765288, -0.67545277, -0.6764213, -0.6756865, -0.67618674, -0.6766139, -0.67600274, -0.6760366, -0.67570937, -0.6740563, -0.6719517, -0.6751301, -0.674875, -0.67675036, -0.6751472, -0.6767131, -0.95727855, -0.288321, -1.4875286, -0.44358945, -0.95037186, -0.29014385, -0.88912344, -0.29470286, -0.35722923, -1.0547165, -0.3629268, -0.41401052, -0.88721997, -1.5764036, -1.2549, -0.93843365, -0.3618868, -0.7046881, -0.30449817, -0.5405755]
*****************************************************




lr 0.001 wd 0.01 test_acc [0.7333333333333333, 0.7333333333333333, 0.8666666666666667, 0.8571428571428571, 0.9285714285714286, 0.8571428571428571, 0.7142857142857143, 0.7142857142857143, 0.9285714285714286, 0.7857142857142857]
lr 0.001 wd 0.01 test_pre [0.6666666666666666, 0.7142857142857143, 0.875, 0.6666666666666666, 1.0, 0.8571428571428571, 0.6666666666666666, 1.0, 0.875, 0.625]
lr 0.001 wd 0.01 test_recall [0.6666666666666666, 1.0, 0.875, 0.6666666666666666, 0.8, 1.0, 0.8571428571428571, 0.42857142857142855, 1.0, 1.0]
lr 0.001 wd 0.01 test_f1 [0.6666666666666666, 0.8333333333333334, 0.875, 0.6666666666666666, 0.8888888888888888, 0.9230769230769231, 0.75, 0.6, 0.9333333333333333, 0.7692307692307693]
lr 0.001 wd 0.01 test_auc [0.7962962962962963, 0.74, 0.8750000000000001, 0.6969696969696969, 0.9777777777777777, 0.875, 0.7346938775510203, 0.7551020408163265, 0.9183673469387755, 0.9111111111111111]
lr 0.001 wd 0.01 test_sens [0.6666666666666666, 1.0, 0.875, 0.6666666666666666, 0.8, 1.0, 0.8571428571428571, 0.42857142857142855, 1.0, 1.0]
lr 0.001 wd 0.01 test_spec [0.7777777777777778, 0.2, 0.8571428571428571, 0.9090909090909091, 1.0, 0.0, 0.5714285714285714, 1.0, 0.8571428571428571, 0.6666666666666666]
*****************************************************
lr 0.001 wd 0.01 acc 0.8119047619047619
lr 0.001 wd 0.01 pre 0.7946428571428571
lr 0.001 wd 0.01 recall 0.8294047619047618
lr 0.001 wd 0.01 f1 0.7906196581196581
lr 0.001 wd 0.01 auc 0.8280318147461004
lr 0.001 wd 0.01 sensitivity 0.8294047619047618
lr 0.001 wd 0.01 specificity 0.6839249639249639
*****************************************************
lr 0.001 wd 0.01 acc_std 0.08148981267103883
lr 0.001 wd 0.01 pre_std 0.13621071486317593
lr 0.001 wd 0.01 recall_std 0.18269062513569673
lr 0.001 wd 0.01 f1_std 0.11210952030520771
lr 0.001 wd 0.01 auc_std 0.0904783382128004
lr 0.001 wd 0.01 sens_std 0.18269062513569673
lr 0.001 wd 0.01 spec_std 0.32159194666384683
*****************************************************
lr 0.001 wd 0.01 [0, 0, 0, 0, 0, 1, 1, 1, 1, 0, 1, 0, 0, 1, 0, 1, 1, 0, 0, 1, 0, 1, 1, 1, 0, 1, 1, 1, 0, 1, 1, 1, 0, 0, 1, 1, 0, 1, 1, 1, 0, 0, 0, 1, 0, 0, 0, 1, 0, 1, 0, 0, 0, 0, 0, 0, 0, 0, 1, 0, 0, 1, 0, 1, 1, 0, 1, 0, 0, 0, 0, 0, 1, 1, 1, 1, 1, 1, 1, 1, 1, 1, 0, 0, 1, 1, 1, 1, 1, 0, 0, 1, 0, 1, 0, 1, 1, 0, 0, 1, 0, 0, 1, 0, 0, 1, 1, 1, 1, 0, 0, 1, 0, 0, 1, 0, 1, 1, 0, 0, 1, 1, 1, 0, 0, 0, 1, 1, 0, 1, 0, 1, 0, 0, 0, 0, 0, 1, 0, 1, 0, 1, 0]
lr 0.001 wd 0.01 [-0.8625274, -0.84618866, -0.8329419, -0.9121197, -0.8198961, -0.8259516, -0.5645614, -0.8045618, -0.6669711, -0.57218045, -0.47731262, -0.72209203, -0.81496704, -0.4403399, -0.49819827, -0.6867039, -0.65714246, -0.5487942, -0.6062177, -0.56528664, -0.67445153, -0.1878926, -0.3091995, -0.20689614, -0.7163492, -0.17747913, -0.6048986, -0.6594791, -0.57820064, -0.12839057, -0.56297874, -0.6154799, -0.80172044, -0.74544156, -0.7129555, -0.64017355, -0.76862615, -0.5781911, -0.58774704, -0.5063846, -0.7763923, -0.72499436, -0.5468053, -0.6101604, -0.8674286, -0.70655805, -0.7153003, -0.61318266, -0.7402904, -0.6176565, -0.8896558, -0.7002708, -0.733068, -0.7348119, -0.69733936, -0.6747309, -0.70592344, -0.714966, -0.7840579, -0.9150911, -1.0556221, -0.5898433, -1.2039402, -0.6190441, -0.7871917, -0.80729514, -0.68358934, -0.96632946, -1.000417, -0.87167066, -0.9123424, -0.70122254, -0.59194565, -0.33429453, -0.383512, -0.27985463, -0.3408162, -0.26230866, -0.30787337, -0.43693995, -0.30804422, -0.53431886, -0.44470656, -0.4115864, -0.29923993, -0.2546579, -0.36739022, -0.6262902, -0.49777573, -0.72050035, -0.73302186, -0.86312836, -0.5882772, -0.5171895, -0.6111089, -0.68012625, -0.36146265, -0.78070205, -0.59217954, -0.5402974, -0.7818293, -0.8563062, -0.43963355, -0.89979446, -0.8144628, -0.5187457, -0.8376929, -0.79069793, -0.8311813, -0.85244036, -0.79425883, -0.8617431, -0.9070407, -0.7726692, -0.53234017, -0.7642852, -0.4397148, -0.50983226, -0.7524344, -1.007508, -0.62447095, -0.36211157, -0.66778994, -0.7285674, -0.56087327, -0.9151347, -0.6483191, -0.6005053, -0.94179827, -0.54710644, -0.7477058, -0.58854926, -0.6537588, -0.7226392, -0.72544277, -0.6818382, -0.751097, -0.61522436, -0.60756886, -0.6252541, -0.7404491, -0.6544252, -0.7302085]
*****************************************************




lr 0.001 wd 0.01 test_acc [0.6428571428571429, 0.7142857142857143, 0.7142857142857143, 0.6923076923076923, 0.7692307692307693, 0.6923076923076923, 0.6923076923076923, 0.9230769230769231, 0.6923076923076923, 0.7692307692307693]
lr 0.001 wd 0.01 test_pre [0.6428571428571429, 0.0, 0.75, 1.0, 0.8571428571428571, 0.6923076923076923, 0.6666666666666666, 1.0, 1.0, 1.0]
lr 0.001 wd 0.01 test_recall [1.0, 0.0, 0.5, 0.2, 0.75, 1.0, 0.6666666666666666, 0.6666666666666666, 0.2, 0.4]
lr 0.001 wd 0.01 test_f1 [0.782608695652174, 0.0, 0.6, 0.3333333333333333, 0.8, 0.8181818181818182, 0.6666666666666666, 0.8, 0.3333333333333333, 0.5714285714285714]
lr 0.001 wd 0.01 test_auc [0.35555555555555557, 0.675, 0.7083333333333334, 0.725, 0.7749999999999999, 0.5, 0.6666666666666667, 0.8333333333333333, 0.55, 0.8500000000000001]
lr 0.001 wd 0.01 test_sens [1.0, 0.0, 0.5, 0.2, 0.75, 1.0, 0.6666666666666666, 0.6666666666666666, 0.2, 0.4]
lr 0.001 wd 0.01 test_spec [0.0, 1.0, 0.875, 1.0, 0.8, 0.0, 0.7142857142857143, 1.0, 1.0, 1.0]
*****************************************************
lr 0.001 wd 0.01 acc 0.7302197802197803
lr 0.001 wd 0.01 pre 0.760897435897436
lr 0.001 wd 0.01 recall 0.5383333333333334
lr 0.001 wd 0.01 f1 0.5705552418595896
lr 0.001 wd 0.01 auc 0.663888888888889
lr 0.001 wd 0.01 sensitivity 0.5383333333333334
lr 0.001 wd 0.01 specificity 0.7389285714285714
*****************************************************
lr 0.001 wd 0.01 acc_std 0.07357099770901912
lr 0.001 wd 0.01 pre_std 0.2906104763069271
lr 0.001 wd 0.01 recall_std 0.3230110077243671
lr 0.001 wd 0.01 f1_std 0.2568583845021841
lr 0.001 wd 0.01 auc_std 0.1471173630762818
lr 0.001 wd 0.01 sens_std 0.3230110077243671
lr 0.001 wd 0.01 spec_std 0.3815330581873554
*****************************************************
lr 0.001 wd 0.01 [0, 1, 0, 0, 1, 1, 1, 1, 1, 1, 0, 1, 1, 0, 0, 0, 1, 0, 0, 1, 0, 0, 0, 1, 1, 0, 0, 0, 0, 1, 0, 0, 0, 0, 1, 1, 1, 0, 0, 1, 0, 1, 0, 1, 1, 0, 0, 0, 0, 0, 0, 1, 1, 0, 1, 1, 1, 1, 1, 1, 1, 1, 0, 0, 0, 1, 0, 0, 1, 1, 1, 0, 0, 1, 1, 0, 1, 0, 1, 1, 1, 0, 1, 0, 0, 0, 1, 0, 0, 1, 1, 1, 1, 0, 1, 1, 1, 0, 0, 0, 0, 0, 0, 0, 0, 0, 0, 0, 0, 0, 1, 1, 1, 0, 0, 1, 0, 1, 0, 0, 1, 0, 0, 1, 0, 1, 0, 0, 0, 0, 1, 1, 0]
lr 0.001 wd 0.01 [-0.66182184, -0.6613469, -0.6279166, -0.6375874, -0.67349136, -0.6729423, -0.624513, -0.66989344, -0.6434741, -0.6122428, -0.65206826, -0.6437905, -0.64588326, -0.6198354, -0.737224, -0.7407404, -0.73924255, -0.7414647, -0.7606675, -0.7356434, -0.7386627, -0.7384267, -0.73649013, -0.7372786, -0.73971856, -0.7397697, -0.7366822, -0.74045086, -0.7084493, -1.234738, -1.1096025, -1.2709972, -0.8342093, -1.4330838, -0.6127939, -0.9596871, -0.90244496, -1.3225318, -0.653336, -0.5753479, -0.797838, -0.6855033, -1.359181, -1.7572322, -0.6809826, -1.9247624, -1.5399615, -0.94927645, -1.3648283, -1.5272818, -1.3203832, -1.1526037, -1.3319952, -1.528031, -1.2449315, -0.76821214, -0.624657, -0.63174355, -0.79302156, -0.54775506, -0.6851889, -0.62408805, -0.55571705, -0.76863074, -0.7017743, -0.4737531, -0.85216105, -0.9394225, -0.584185, -0.5975606, -0.6529785, -0.6557891, -0.6530483, -0.6560627, -0.6560426, -0.64552563, -0.64798176, -0.6540459, -0.59883934, -0.657808, -0.66629, -0.7020636, -0.6928026, -0.74806947, -0.6863614, -0.7451166, -0.74760205, -0.7124607, -0.67714596, -0.6829326, -0.711368, -0.68625385, -0.6802195, -0.73341537, -0.82236457, -0.4868183, -0.6144955, -0.7220241, -1.0191975, -0.77526826, -0.7506707, -0.7406912, -1.0467587, -0.90054035, -0.872093, -0.9813515, -0.82229334, -1.0348796, -0.9064192, -0.95766884, -0.6646079, -1.0253981, -0.91617, -0.81226635, -0.8508881, -0.89403665, -0.87946534, -0.69935733, -0.88414013, -0.7574344, -0.64646274, -1.1299919, -0.744543, -0.86415654, -0.9128014, -0.95767504, -1.0319893, -1.0379909, -0.91843057, -0.8696623, -0.6304185, -0.71780443, -0.9255733]
*****************************************************




lr 0.001 wd 0.01 test_acc [0.7692307692307693, 0.6923076923076923, 0.6923076923076923, 0.7692307692307693, 0.7692307692307693, 0.6153846153846154, 0.6923076923076923, 0.6153846153846154, 0.8461538461538461, 0.8461538461538461]
lr 0.001 wd 0.01 test_pre [0.8571428571428571, 0.6666666666666666, 0.0, 0.8, 1.0, 0.625, 0.7142857142857143, 0.6666666666666666, 0.0, 0.875]
lr 0.001 wd 0.01 test_recall [0.75, 1.0, 0.0, 0.6666666666666666, 0.25, 0.7142857142857143, 0.7142857142857143, 0.3333333333333333, 0.0, 0.875]
lr 0.001 wd 0.01 test_f1 [0.8, 0.8, 0.0, 0.7272727272727273, 0.4, 0.6666666666666666, 0.7142857142857143, 0.4444444444444444, 0.0, 0.875]
lr 0.001 wd 0.01 test_auc [0.75, 0.375, 0.6111111111111112, 0.7619047619047619, 0.33333333333333337, 0.7142857142857143, 0.6428571428571429, 0.3333333333333333, 0.4545454545454546, 0.9]
lr 0.001 wd 0.01 test_sens [0.75, 1.0, 0.0, 0.6666666666666666, 0.25, 0.7142857142857143, 0.7142857142857143, 0.3333333333333333, 0.0, 0.875]
lr 0.001 wd 0.01 test_spec [0.8, 0.2, 1.0, 0.8571428571428571, 1.0, 0.5, 0.6666666666666666, 0.8571428571428571, 1.0, 0.8]
*****************************************************
lr 0.001 wd 0.01 acc 0.7307692307692308
lr 0.001 wd 0.01 pre 0.6204761904761905
lr 0.001 wd 0.01 recall 0.5303571428571427
lr 0.001 wd 0.01 f1 0.5427669552669553
lr 0.001 wd 0.01 auc 0.5876370851370852
lr 0.001 wd 0.01 sensitivity 0.5303571428571427
lr 0.001 wd 0.01 specificity 0.7680952380952382
*****************************************************
lr 0.001 wd 0.01 acc_std 0.0788226981996892
lr 0.001 wd 0.01 pre_std 0.3286532851797018
lr 0.001 wd 0.01 recall_std 0.3396765710238113
lr 0.001 wd 0.01 f1_std 0.30671979603731625
lr 0.001 wd 0.01 auc_std 0.19136624526748922
lr 0.001 wd 0.01 sens_std 0.3396765710238113
lr 0.001 wd 0.01 spec_std 0.24168766035953934
*****************************************************
lr 0.001 wd 0.01 [1, 1, 1, 1, 0, 1, 1, 1, 0, 0, 0, 1, 0, 0, 1, 1, 1, 1, 0, 1, 0, 1, 1, 0, 1, 0, 0, 0, 0, 1, 1, 0, 0, 1, 0, 0, 0, 1, 0, 0, 0, 0, 0, 0, 1, 1, 1, 0, 1, 0, 1, 1, 0, 0, 0, 0, 1, 0, 0, 0, 1, 1, 0, 0, 1, 1, 1, 1, 1, 0, 0, 0, 0, 0, 0, 1, 1, 1, 0, 1, 1, 0, 1, 1, 1, 0, 0, 1, 0, 0, 1, 0, 1, 1, 1, 1, 0, 0, 0, 0, 1, 0, 1, 0, 0, 0, 0, 0, 1, 0, 0, 0, 0, 0, 0, 1, 0, 1, 1, 0, 1, 0, 1, 0, 0, 1, 1, 1, 0, 1]
lr 0.001 wd 0.01 [-0.45977557, -0.33222464, -0.3965551, -0.42358336, -0.8271933, -0.81004035, -0.48760968, -0.24504364, -0.48313856, -0.7148576, -0.7509919, -0.9743328, -0.7373317, -0.629323, -0.6403445, -0.6578334, -0.6842964, -0.66926754, -0.70362777, -0.6667804, -0.64725256, -0.66039115, -0.62385505, -0.65584844, -0.6739676, -0.6494815, -0.7149566, -0.71579516, -0.70841694, -0.71230507, -0.7074722, -0.71006143, -0.7116334, -0.71389794, -0.71443915, -0.7147281, -0.70916504, -0.7091947, -0.70533276, -0.7493731, -0.7438041, -0.71678996, -0.899776, -0.8296157, -0.82765293, -0.2653532, -0.6174421, -0.6082673, -0.7529171, -0.9680592, -0.59904236, -0.67702204, -0.7825954, -0.8535477, -0.79733473, -0.8189739, -0.82787853, -0.7927534, -0.80109406, -0.8042698, -0.6865973, -0.81923246, -0.7017221, -0.7848487, -0.83801085, -0.48313254, -0.71600556, -0.4262723, -0.48242694, -0.6183202, -0.7341191, -0.50470656, -0.42963076, -0.9910731, -0.87649375, -0.97394294, -0.4092822, -0.58877575, -0.9719964, -0.99399394, -0.6893891, -0.4959011, -0.6552572, -0.153698, -1.4645295, -1.0323504, -0.16793455, -0.045698848, -1.0968535, -0.7787906, -0.45378548, -0.69951224, -0.6450374, -0.7204691, -0.71760464, -0.728882, -0.7080032, -0.69400084, -0.6981658, -0.70674324, -0.67791533, -0.6830321, -0.7419323, -0.71380013, -0.7793269, -0.77905, -0.7792293, -0.7798723, -0.7796737, -0.7795171, -0.7790333, -0.778457, -0.77937967, -0.7777976, -0.7789352, -0.7785883, -0.779627, -0.23238021, -0.891567, -0.7864049, -0.60462546, -0.49486727, -0.3062776, -0.96459174, -0.7058769, -0.48601666, -0.38097826, -0.012466953, -1.4692792, -0.4889745]
*****************************************************




